Coefficient: 9464.886331769245
Intercept: 25732.099257849186
